1000
27 75 25 76 40 8 28 48 8 96 66 84 56 55 55 18 71 93 50 80 17 48 93 88 74 84 6 72 62 50 38 71 76 88 44 70 15 76 9 78 83 49 6 90 37 6 77 24 25 79 12 17 5 41 35 61 66 90 81 75 49 5 49 97 95 10 29 23 4 56 74 14 75 90 98 96 41 68 11 89 79 79 93 84 33 15 94 35 15 24 28 31 8 83 99 60 8 85 67 51 70 17 93 57 26 3 78 48 4 48 27 19 62 100 11 23 59 30 82 35 64 34 22 20 65 99 28 38 23 74 92 82 70 11 52 85 22 99 45 48 47 35 15 53 92 95 8 5 42 13 91 2 41 87 57 70 99 18 15 61 57 5 54 76 3 46 60 92 10 71 20 6 13 64 1 30 44 95 10 13 95 68 64 58 66 95 55 90 43 47 26 52 25 81 90 54 89 28 25 76 63 3 48 100 10 68 17 28 30 33 46 17 96 61 22 53 76 96 97 18 95 59 63 75 52 43 48 66 44 4 67 39 91 61 3 52 66 30 13 30 7 85 87 56 91 93 57 9 18 15 63 43 14 66 95 9 41 26 3 69 89 64 85 35 81 60 9 41 18 63 24 16 77 6 71 14 92 63 85 72 4 83 73 9 81 79 38 96 28 67 89 84 23 96 33 26 54 90 16 3 41 86 57 10 31 25 28 66 46 64 74 81 22 65 30 21 11 59 52 39 1 94 72 97 62 54 61 67 100 44 66 14 100 4 25 12 58 33 71 18 33 75 20 76 37 36 44 53 44 57 92 54 13 98 85 22 91 3 70 42 78 85 25 94 38 89 20 98 8 43 68 49 85 10 66 20 8 74 25 11 68 86 31 50 43 99 16 73 9 21 71 35 36 62 27 15 47 48 2 36 80 58 35 20 95 1 61 15 16 99 26 34 76 69 90 65 31 19 9 24 77 56 2 22 11 14 29 25 7 14 62 78 99 11 12 57 38 49 49 84 80 84 67 29 35 95 26 60 42 19 3 29 65 36 17 47 94 90 50 56 83 66 89 57 84 74 18 85 90 6 70 59 48 9 95 38 13 24 30 87 91 46 7 58 3 40 82 6 37 9 92 65 10 85 24 23 11 46 54 36 32 47 76 56 88 89 79 48 3 27 81 7 46 70 53 94 42 20 23 59 93 40 93 78 44 66 17 33 8 20 24 27 30 49 34 88 89 77 12 47 76 21 94 42 80 7 49 1 7 97 32 2 1 27 30 52 2 74 68 80 80 55 96 12 87 71 13 77 26 61 28 47 76 17 34 66 88 82 99 15 89 67 27 51 21 81 15 36 71 49 83 74 38 72 50 13 64 54 89 24 16 99 72 16 24 52 73 37 62 19 55 16 88 61 91 75 5 87 52 92 7 74 36 45 74 82 33 84 63 62 50 42 21 78 67 98 47 81 67 13 67 5 36 12 9 72 35 64 10 28 68 94 23 21 13 84 13 66 42 11 47 82 64 73 7 36 39 77 89 41 52 33 33 68 79 95 26 59 60 31 91 29 53 61 37 47 16 18 50 19 25 12 17 46 42 62 82 10 78 81 39 88 91 72 95 18 76 73 53 79 66 1 45 73 57 60 84 20 53 9 17 94 98 89 12 60 6 54 92 51 85 78 95 5 17 68 14 20 83 35 46 91 80 53 67 25 37 5 5 80 22 68 95 67 53 13 64 21 34 100 51 27 72 68 16 48 54 8 40 81 51 7 8 36 96 54 85 5 37 35 22 89 54 79 31 57 89 100 89 40 11 99 11 84 87 60 51 26 62 88 44 99 46 98 7 26 96 98 99 24 28 70 10 34 12 50 57 25 64 86 80 62 92 29 50 92 85 92 94 15 5 44 34 82 46 65 59 64 53 88 62 58 32 14 34 77 81 53 30 10 8 19 32 30 31 37 26 71 15 66 92 66 11 16 63 7 24 90 29 19 23 59 61 29 91 51 20 75 73 60 33 69 18 35 37 62 82 59 18 66 86 40 34 96 87 92 94 78 32 67 36 38 2 57 16 34 66 65 22 71 20 75 46 1 18 30 80 82 14 23 55 56 68 64 2 5 34 52 15 54 34 62 64 98 90 61 84 52 21 24 8 21 73 46 69 3 87 56 80 75 83 97 92 3 45 49 34 56 8 69 27 100 25 73 46 94 14 83 28 56 64 96 73 83 45 78 11 47 38 57 61 61 9 81 93 4 3 94 62 69 65 37 33 59 54 55 21 83 83 
1000 1
659 4
9877 8
8790 3
178 1
8649 5
7324 2
9517 10
8831 4
7671 6
4549 4
793 10
3501 2
2133 1
2264 1
244 9
9765 9
6866 1
4589 6
7260 10
9377 5
4957 2
8994 1
9989 4
9714 9
8379 10
9450 10
8501 8
5900 3
4310 4
7738 2
5720 1
1879 4
4314 2
4380 5
8379 5
9630 9
984 1
7167 4
2323 5
7761 9
2325 6
2963 1
3286 10
3285 2
6506 1
4830 5
5647 9
3377 8
2244 3
396 8
2556 7
9201 9
8260 2
6744 2
9665 5
9749 10
8557 8
5159 9
292 8
7729 4
2363 6
8716 6
1841 6
3628 6
9816 9
6082 4
6693 8
8755 5
487 7
3432 1
453 7
2454 6
1676 3
7902 4
7191 4
4135 5
9599 2
6571 4
3670 1
1344 2
191 5
3273 10
16 10
3820 3
3931 9
4501 9
169 8
9611 3
7944 10
1361 10
5911 1
1024 8
5488 1
1828 8
2646 8
9013 4
9967 5
4390 9
5924 10
4579 1
7910 1
2695 9
3348 1
5036 2
5291 1
5448 3
9804 6
2676 1
6069 8
4174 10
4889 8
7329 8
3618 5
8676 6
5080 6
353 3
2322 5
9223 9
2973 9
3155 9
939 9
7002 1
6031 6
1194 6
6054 10
8674 2
9351 10
3535 6
558 2
5513 7
6934 4
6477 9
1350 4
1117 10
2270 4
9685 6
8050 5
6912 3
9094 3
602 8
5899 9
4519 7
2297 2
997 1
141 1
5693 10
8117 10
8496 2
9338 7
608 8
7198 2
6221 2
2295 9
3185 2
3754 2
6670 3
9580 6
8998 5
6309 6
8715 10
678 9
1193 3
3245 5
6066 5
2662 6
6873 7
3301 4
5104 5
1857 6
7558 10
8932 9
5995 4
3681 7
7735 2
404 6
7611 6
1568 10
3605 1
4566 2
5066 1
3442 7
7215 10
667 1
9385 10
4586 3
5654 1
4122 2
6572 9
4418 7
2705 7
431 8
4138 9
1269 2
2392 1
6376 5
2896 6
86 5
5051 7
1784 9
2606 6
1513 2
5274 6
3798 3
9319 4
6535 9
8636 4
3373 8
418 7
6396 5
6379 7
7627 10
6765 4
9018 7
9172 6
5492 7
6967 2
8630 8
8650 1
1278 1
2980 4
616 5
2833 1
5781 10
9067 7
2973 3
3237 3
3927 1
9881 8
519 10
8275 5
4679 4
6237 2
3673 9
8621 2
8412 6
556 9
6573 6
1512 5
3665 2
2141 7
304 4
2991 7
2964 6
2891 9
1363 9
1024 3
5561 2
2520 4
3066 1
8987 9
8439 6
8534 3
606 3
3096 7
7672 8
9215 5
8925 8
2017 6
7051 10
4444 2
5975 8
8258 1
4723 8
3231 4
9345 4
9854 7
8727 4
5260 4
9540 2
4842 8
3201 8
617 10
9516 1
5602 4
8898 8
2132 1
3260 1
1665 9
5883 9
4443 2
7526 3
6475 5
6596 1
259 5
8821 8
6662 1
1174 6
5732 6
2822 7
4746 5
1746 8
3450 6
2280 1
7719 7
5418 9
9011 8
7217 10
4461 7
3269 5
5253 3
7691 8
2099 9
9390 6
2280 1
4689 3
8946 6
5460 10
6550 3
7893 7
9513 5
1385 7
6592 2
587 9
2458 1
3940 9
2330 8
6460 2
9497 9
5841 7
9084 8
6790 4
3362 1
5886 1
7617 6
5097 5
7490 4
9790 5
7882 5
1882 9
7114 7
3816 2
7850 2
9378 7
2433 4
9847 8
2201 8
5470 3
8017 1
3306 2
2195 8
5438 6
600 7
6723 10
872 10
1944 7
1110 4
8826 8
9532 7
2980 5
8371 5
3976 2
8374 1
2319 6
8120 7
5471 1
4387 6
7163 1
5667 2
7935 7
3298 5
2539 3
1190 10
9264 7
1928 4
9513 9
2518 10
749 5
108 7
7763 10
2238 6
3284 7
3114 7
8983 2
4156 7
9433 10
1138 8
6893 6
3713 3
9219 8
8567 4
1035 8
8579 3
5420 9
2178 4
3152 7
3852 6
8723 7
4543 6
6796 10
4347 10
6523 6
4397 2
9028 3
5520 4
9563 8
9409 3
5121 6
5217 8
1598 1
5953 3
4368 3
2298 5
1955 10
5499 5
6657 4
3799 1
2268 5
5134 1
762 8
3850 6
2401 8
3933 5
1555 2
7545 2
8892 10
2369 6
489 8
2079 9
6172 2
4581 10
9710 4
2872 1
4532 10
6522 9
6614 8
4200 3
7707 9
8676 4
2057 10
5187 10
7692 8
4937 9
965 9
1188 8
3446 9
326 3
1051 5
4168 1
235 4
7068 3
9487 4
7921 5
3043 9
221 1
3835 3
3062 8
520 4
9634 1
5147 6
8224 10
7737 4
5654 1
9632 8
2157 7
7929 9
922 5
7471 4
5774 5
1887 4
833 10
4513 10
8779 2
8246 1
2195 2
2403 3
108 3
445 6
364 5
8469 1
3119 3
7094 4
9740 7
2349 8
8199 9
3017 5
4199 3
5155 7
2393 4
400 7
7029 7
4613 5
3647 10
1018 4
6305 9
1907 6
87 8
8682 8
7115 6
1761 7
8147 7
8008 9
328 7
8186 7
6632 3
8061 1
671 8
7561 3
9858 4
3080 2
1548 9
6464 2
6076 6
9150 7
7935 6
3459 10
9818 7
947 2
9644 6
7356 5
338 1
2404 4
7706 9
2759 5
3468 3
9936 2
5270 9
4341 4
9624 1
8360 6
6991 10
8139 6
4742 2
3108 3
378 1
2306 5
5981 2
9183 2
4046 9
2455 10
774 3
1192 6
518 6
5339 5
2512 6
2161 2
2628 4
6690 1
5581 1
6514 3
4634 2
8821 2
6865 9
5029 8
8082 4
1889 10
7528 1
3785 6
5397 3
7624 4
2654 1
9810 7
3797 10
4734 4
823 4
1989 8
1846 7
8347 3
2711 9
1374 7
4510 7
4014 8
4297 9
4236 8
3867 1
6678 5
7338 9
2129 6
9035 9
680 8
5005 7
6357 1
7348 7
6286 8
5175 6
466 9
9419 4
8724 3
8178 9
3559 2
7471 3
6491 6
8507 2
536 6
4174 7
9992 7
2822 8
4234 5
6428 9
4293 4
3768 4
265 2
433 3
9548 5
410 2
5860 10
9690 2
4641 6
9962 8
3053 1
9957 5
5287 2
6203 2
4844 4
3143 5
4471 3
114 10
6027 3
4839 9
5135 3
6714 10
4249 6
9459 10
1407 2
5279 10
1914 3
8296 7
9323 9
4996 6
6787 3
1260 10
5038 2
5487 6
4528 3
7590 8
2931 4
3257 1
4272 7
3410 1
6444 10
4049 2
6646 5
4705 3
9518 1
4408 7
6791 9
2452 9
5009 6
6132 10
4785 1
9846 10
5138 5
2272 4
8672 10
9569 5
8418 3
8552 4
1864 10
1125 6
5479 1
9952 10
5425 8
7751 3
984 1
940 4
5412 10
1486 2
6003 8
9654 3
2913 8
1014 1
5816 4
3742 5
2074 2
8559 4
7533 3
3715 8
5527 10
7516 4
4379 4
3549 3
9986 2
9382 9
8493 7
9077 7
651 3
5049 9
8662 3
888 4
8355 10
6996 7
5050 5
5306 6
2403 8
2812 5
9362 5
2879 4
4708 7
2935 8
4586 9
5682 4
6262 9
259 3
2004 10
9057 6
4475 1
9887 4
8853 10
6060 7
7563 9
5342 4
7557 7
1915 1
9360 6
3193 9
8625 7
1799 10
8634 3
7404 6
666 6
7806 3
9530 6
4454 3
5526 10
5074 2
6361 10
7851 7
940 5
8969 2
2880 4
9859 8
7754 5
556 10
2415 2
3915 3
3616 6
3866 7
9528 7
449 8
3765 7
212 5
5571 3
6826 3
3807 3
8864 1
2267 1
6142 1
5005 6
856 10
6573 3
3945 6
7951 9
3531 6
5901 4
5785 10
8394 9
3801 10
6131 1
4532 6
7174 2
3721 9
4200 8
1682 6
546 9
9604 10
6092 4
2445 7
1597 8
9849 6
4850 5
1030 5
1949 9
1098 4
1376 7
449 4
4090 1
875 8
7553 8
9350 4
3105 10
8408 7
5332 5
6528 7
9939 9
1981 4
3197 4
8943 4
6102 9
6510 9
3553 7
3448 5
4017 4
5023 10
2557 1
9538 9
2178 4
8923 2
9550 10
7305 10
9370 10
1599 2
423 9
9085 9
1053 8
5886 7
6704 10
6034 4
6788 10
9516 8
2692 4
4559 5
5229 6
901 2
4848 7
7585 4
5704 10
7382 6
2089 5
4103 10
58 5
8993 3
3220 2
8614 6
8924 8
9867 9
5966 9
2197 6
6202 10
9967 1
8228 2
1504 5
7655 6
9723 10
2185 5
5558 2
6005 3
4912 7
6469 5
4957 5
527 8
2228 5
7011 1
2811 3
1314 7
6977 1
10000 1
1613 4
3853 3
8469 5
7793 2
8210 7
1479 10
5618 5
491 10
5502 9
5719 3
2494 10
6027 5
282 8
4779 9
3058 6
3214 8
2496 6
8052 5
3757 5
4567 10
7810 9
5270 8
2704 2
1134 3
5938 8
4427 5
8450 7
5870 9
2345 1
8847 3
6331 10
1380 5
2338 7
4787 6
2539 10
1333 7
1790 7
9660 7
3058 1
1847 4
1841 7
7987 9
3607 10
5060 4
8385 3
3940 4
7700 4
3452 3
7227 3
2449 10
4022 9
8914 4
2912 8
127 5
3839 8
8156 7
3378 9
8422 4
1030 9
3509 5
3545 5
9588 6
420 2
2189 3
4851 10
968 3
3206 1
5750 8
7981 4
7337 2
3856 3
230 3
8093 6
5678 4
5558 4
9066 8
9482 5
4661 6
9459 10
5807 2
5984 5
991 9
6996 4
9224 10
8544 9
6624 6
5836 8
1902 1
7067 10
754 10
3056 4
9369 7
7644 3
6129 10
3914 10
9450 8
9517 10
9950 1
1288 2
6882 6
110 7
7822 9
6572 2
602 4
3940 1
4362 10
1820 10
6555 2
8390 8
2559 9
3377 9
6006 7
4640 3
1613 6
4745 6
6971 10
1618 6
4938 7
2103 3
4548 4
5711 4
2526 5
7153 4
8409 5
2689 2
535 8
5727 10
11 6
5665 3
2964 9
5712 6
7243 2
2322 1
7660 5
7334 5
1314 3
133 9
2454 8
1319 10
3098 6
2964 5
2545 4
3133 5
9297 8
8954 3
7099 10
5285 4
5210 4
3238 1
1212 6
1105 1
1118 2
9566 2
5627 5
4807 8
805 7
6184 7
4581 5
5330 10
2416 3
3440 3
2811 1
9855 5
8385 6
5607 2
