76
99
98
75
98
97
99
98
98
96
79
96
96
96
0
99
97
96
97
98
96
98
99
99
98
99
98
96
96
98
96
96
96
96
98
99
96
97
96
98
96
96
96
96
97
96
96
96
96
0
96
98
98
97
99
99
98
96
0
98
96
98
96
96
99
96
97
98
45
96
36
96
96
98
97
96
99
97
96
96
0
96
0
96
96
96
0
99
98
96
96
96
96
96
96
98
99
96
96
96
98
96
96
96
96
96
99
96
96
96
96
97
96
98
96
76
96
98
96
96
93
97
96
96
96
98
98
96
76
96
97
97
96
96
96
99
98
97
98
49
96
96
96
96
70
96
98
98
98
50
97
97
96
96
96
97
99
98
97
98
62
96
96
96
96
97
96
96
96
98
98
96
96
98
28
98
96
96
96
96
96
97
76
98
96
96
96
97
96
96
29
96
96
96
97
96
0
96
96
96
96
96
96
98
97
98
96
28
97
97
98
97
98
98
96
97
98
98
96
96
52
96
96
98
96
96
96
99
11
98
96
97
96
98
98
30
97
96
96
96
76
96
96
96
96
96
96
96
96
98
98
98
76
96
98
98
98
96
97
96
96
98
96
96
98
99
98
96
99
96
96
52
99
96
98
96
96
96
96
96
98
97
97
0
98
97
96
96
96
96
96
96
96
98
96
98
97
96
96
96
98
96
98
96
96
98
96
97
98
99
96
97
45
96
96
96
97
99
96
98
97
96
96
98
96
98
99
98
96
97
96
98
98
96
99
96
96
98
96
96
96
49
97
87
96
96
98
99
96
98
96
98
96
98
96
96
97
96
98
96
96
96
98
96
99
96
74
0
98
96
96
96
98
96
99
96
97
96
98
98
96
98
96
96
96
96
98
96
97
96
97
96
98
96
99
99
96
96
96
96
96
96
96
96
97
96
96
96
76
96
96
96
96
98
98
96
46
96
96
96
99
96
96
97
97
96
98
98
96
96
98
96
96
96
96
76
96
96
42
97
99
98
96
75
96
96
76
99
96
98
98
96
99
96
98
92
98
96
96
83
96
98
98
96
96
0
33
40
98
96
97
99
96
98
96
96
96
96
28
97
96
96
96
97
96
0
98
97
96
98
98
0
98
97
98
61
98
99
96
96
97
96
98
98
96
99
94
99
98
76
96
98
96
96
99
96
96
99
98
97
98
96
96
76
96
96
98
96
96
77
96
48
96
96
96
96
97
96
97
96
98
97
96
98
96
98
96
96
98
96
99
96
96
82
96
96
98
96
96
96
96
96
96
96
97
97
96
98
62
96
97
97
97
96
0
99
98
98
96
98
97
98
48
96
99
96
96
97
96
96
75
76
99
76
96
99
96
99
96
99
96
96
96
96
96
0
96
96
96
97
96
99
96
96
96
98
98
96
97
96
96
96
96
98
96
96
96
96
97
96
97
96
99
96
97
96
96
96
96
99
96
96
98
99
98
98
96
96
96
99
96
98
96
94
96
96
96
99
96
96
96
96
96
98
98
96
96
98
96
96
99
98
98
98
76
96
98
88
98
97
96
96
96
96
98
96
96
96
96
96
97
54
96
98
96
99
98
96
98
96
98
96
98
96
98
96
98
98
60
98
99
96
96
96
97
98
94
98
96
99
98
30
96
96
96
96
99
35
96
0
96
97
96
98
96
96
96
85
97
96
98
96
96
96
98
96
96
96
97
96
96
96
25
99
96
96
96
99
96
96
96
96
96
76
96
87
98
98
96
98
96
97
99
96
96
98
96
97
96
96
96
96
96
99
96
98
99
97
98
96
0
98
96
96
97
96
97
99
96
96
96
90
96
98
96
98
96
96
0
98
96
98
98
99
96
96
96
99
98
96
98
99
96
96
96
96
97
96
48
96
97
96
96
97
99
96
96
98
98
98
96
96
0
96
96
96
96
0
96
96
96
96
98
96
96
98
96
96
96
96
96
98
96
96
98
97
96
96
96
96
96
96
99
96
96
96
98
96
96
98
96
98
96
97
96
96
98
96
0
96
98
96
98
96
96
96
99
76
96
96
96
96
96
98
97
96
40
98
96
96
98
99
96
99
96
96
96
97
98
98
97
96
96
97
75
96
98
98
96
96
99
99
99
96
97
0
98
97
76
96
96
96
97
98
96
96
96
96
96
96
97
96
96
96
96
96
96
97
98
96
48
96
0
96
96
96
97
96
98
97
96
0
96
96
96
96
96
96
98
98
97
96
96
96
96
96
96
99
96
96
80
96
96
96
96
96
96
99
98
96
